Monaden Hall

<22,22,22,22,22,22,22,22,22,22,22,22,51,22,22,0>
<3,15,15,15,15,15,15,15,15,15,15,15,15,15,50,0>
<22,15,15,15,15,15,15,15,15,15,22,15,15,15,22,0>
<22,22,22,22,22,22,22,22,22,22,22,15,15,15,15,0>
<0,0,0,0,0,0,0,0,0,0,22,15,15,15,22,0>
<0,0,0,0,0,0,0,0,0,0,22,15,15,54,22,0>
<0,0,0,0,0,0,0,0,0,0,55,15,15,54,22,0>
<0,0,0,0,0,0,0,0,0,0,55,15,15,52,22,0>
<0,0,0,0,0,0,0,0,0,0,15,15,15,52,22,0>
<0,0,0,0,0,0,0,0,0,0,55,15,15,53,22,0>
<0,0,0,0,0,0,0,0,0,0,15,15,15,53,22,0>
<0,0,0,0,0,0,0,0,0,0,22,15,15,53,22,0>
<0,0,0,0,0,0,0,0,0,0,22,15,15,52,22,0>
<0,0,0,0,0,0,0,0,0,0,22,15,15,52,22,0>
<0,0,0,0,0,0,0,0,0,0,22,51,22,22,22,0>

0 = nothing
22 = walls
15 = ground
3->50 = doors verical
3->51 = doors horisontiell
4->52 = lockers right
5->53 = black lockers right
6->54 = trash
7->55 = black board on wall left

