Outside Monaden

<22,22,3,22,22,22,22,22,22,22,22,22,22,22,1,22>
<22,1,1,1,1,1,1,1,1,1,1,1,1,1,1,1>
<22,1,1,1,22,22,22,22,22,22,59,59,22,22,22,22>
<22,1,1,1,1,1,1,1,1,1,1,1,1,1,1,1>
<22,1,1,1,1,1,1,1,1,1,1,1,1,1,1,1>
<22,1,1,1,1,1,1,1,1,22,58,58,22,22,22,22>
<22,1,1,1,22,22,22,22,22,22,1,1,1,50,0,0>
<22,1,1,1,56,57,56,56,56,56,1,1,1,22,0,0>
<22,1,1,1,56,56,56,56,57,56,1,1,1,22,0,0>
<22,1,1,1,56,57,56,56,56,56,1,1,1,22,0,0>
<22,1,1,1,56,56,56,56,57,56,1,1,1,22,22,22>
<22,1,1,1,56,57,56,56,56,56,1,1,1,1,1,1>
<22,1,1,1,56,56,56,56,56,56,1,1,1,1,1,1>
<22,1,1,1,1,1,1,1,1,1,1,1,1,22,22,22>
<22,1,22,1,1,1,1,1,1,1,1,1,1,22,0,0>
<22,51,22,22,22,22,22,22,22,22,22,22,22,22,0,0>

0 = nothing
22 = walls
1 = sidewalk horizontal
50 = door vertical
51 = door horisontiell
56 = sand
57 = tree
58 = stairs up
59 = stairs down
